strategic_region={
	id=13
	name="STRATEGICREGION_13"
	provinces={
		7 12 20 31 32 41 55 91 109 117 118 123 132 229 284 300 329 334 396 438 502 504 558 579 618 658 663 707 806 813 849 874 890 899 920 922 976 980 988 1032 1048 1133 1203 1205 1213 1258 1293 1383 1399 1401 1403 1447 1449 1453 1474 1502 1511 1549 1551 1632 1633 1637 1652 1687 1691 1731 1809 1812 1826 1859 1871 1895 1917 1943 1947 1953 1957 1965 2034 2064 2070 2100 2101 2109 2110 2114 2133 2156 2158 2192 2216 2221 2242 2304 2381 2390 2415 2431 2460 2465 2483 2492 2498 2511 2520 2522 2570 2599 2613 2651 2674 2679 2702 2707 2724 2730 2733 2761 2765 2767 2782 2811 2824 2826 2827 2828 2829 2854 2909 2911 2915 2931 2951 2952 2975 2994 3000 3018 3019 3037 3081 3082 3096 3097 3105 3106 3107 3132 3144 3148 3154 3184 3185 3241 3263 3293 3296 3306 3315 3323 3346 3365 3421 3469 3505 3536 3545 3556 3567 3583 3592 3601 3631 3669 3696 3703 3706 3709 3724 3757 3763 3802 3809 3818 3869 3881 3883 3906 3914 3919 3924 3940 4050 4079 4107 4129 4172 4175 4194 4208 4227 4236 4242 4295 4296 4342 4346 4349 4384 4399 4481 4502 4557 4561 4579 4586 4593 4601 4612 4637 4640 4661 4662 4669 4703 4739 4769 4773 4850 4887 4892 4906 4957 4990 5008 5014 5017 5055 5096 5097 5117 5119 5139 5159 5188 5211 5255 5262 5266 5270 5286 5294 5299 5375 5377 5436 5452 5471 5487 5518 5545 5580 5585 5634 5724 5730 5759 5776 5793 5798 5808 5828 5829 5841 5843 5850 5870 5874 5936 5951 5956 5964 5967 7783 7811 7816 7820 7826 7845 7848 7859 7865 7869 7878 7882 7891 7896 7901 7912 7914 7915 7919 7928 7933 7934 7940 7944 7948 7949 7950 7954 7956 7958 7962 7971 7976 7990 7991 7996 7999 8003 8009 8011 8025 8026 8043 8044 8051 8054 8063 8064 8069 8071 8076 8082 8083 8092 8096 8097 8098 8099 8100 8118 8119 8124 8125 8128 8138 8144 8146 8149 8150 8151 8153 8160 8170 8174 8178 8183 8185 8188 8189 8196 8201 8202 8209 8211 8227 8228 8229 8233 8237 8241 8242 8243 8249 8253 8264 8268 8269 8275 8276 8279 8280 8287 8289 8290 8296 8297 8299 8305 8307 8308 8309 8312 8315 8316 8320 8324 8326 8328 8329 8331 8336 8337 8339 8340 8342 8345 8349 8352 8353 8356 8357 8361 8365 8366 8369 8375 8376 8377 8384 8385 8387 8388 8389 8402 8403 8406 8410 8411 8414 8417 8419 8420 8422 8426 8428 8430 8432 8433 8441 8442 8445 8450 8451 8452 8453 8460 8465 8471 8482 8488 8496 8500 8511 8516 8520 8534 8542 8546 8547 8548 14919 14923 14926 14928 14931 14934 14935 14939 
	}
	weather={
	period={
			between={ 0.0 30.0 }
			temperature={ -3.0 18.0 }
			no_phenomenon=0.700
			rain_light=0.150
			rain_heavy=0.050
			snow=0.100
			blizzard=0.000
			arctic_water=0.000
			mud=1.000
			sandstorm=0.000
			min_snow_level=0.000
		}
		period={
			between={ 0.1 27.1 }
			temperature={ 1.0 19.0 }
			no_phenomenon=0.700
			rain_light=0.150
			rain_heavy=0.100
			snow=0.050
			blizzard=0.000
			arctic_water=0.000
			mud=1.000
			sandstorm=0.000
			min_snow_level=0.000
		}
		period={
			between={ 0.2 30.2 }
			temperature={ 4.0 23.0 }
			no_phenomenon=0.700
			rain_light=0.150
			rain_heavy=0.100
			snow=0.050
			blizzard=0.000
			arctic_water=0.000
			mud=1.000
			sandstorm=0.000
			min_snow_level=0.000
		}
		period={
			between={ 0.3 29.3 }
			temperature={ 10.0 26.0 }
			no_phenomenon=0.650
			rain_light=0.150
			rain_heavy=0.200
			snow=0.000
			blizzard=0.000
			arctic_water=0.000
			mud=1.000
			sandstorm=0.000
			min_snow_level=0.000
		}
		period={
			between={ 0.4 30.4 }
			temperature={ 15.0 29.0 }
			no_phenomenon=0.600
			rain_light=0.150
			rain_heavy=0.250
			snow=0.000
			blizzard=0.000
			arctic_water=0.000
			mud=1.000
			sandstorm=0.000
			min_snow_level=0.000
		}
		period={
			between={ 0.5 29.5 }
			temperature={ 18.0 35.0 }
			no_phenomenon=0.650
			rain_light=0.100
			rain_heavy=0.250
			snow=0.000
			blizzard=0.000
			arctic_water=0.000
			mud=1.000
			sandstorm=0.000
			min_snow_level=0.000
		}
		period={
			between={ 0.6 30.6 }
			temperature={ 21.0 36.0 }
			no_phenomenon=0.700
			rain_light=0.100
			rain_heavy=0.200
			snow=0.000
			blizzard=0.000
			arctic_water=0.000
			mud=1.000
			sandstorm=0.000
			min_snow_level=0.000
		}
		period={
			between={ 0.7 30.7 }
			temperature={ 22.0 36.0 }
			no_phenomenon=0.700
			rain_light=0.100
			rain_heavy=0.200
			snow=0.000
			blizzard=0.000
			arctic_water=0.000
			mud=1.000
			sandstorm=0.000
			min_snow_level=0.000
		}
		period={
			between={ 0.8 29.8 }
			temperature={ 17.0 33.0 }
			no_phenomenon=0.700
			rain_light=0.150
			rain_heavy=0.150
			snow=0.000
			blizzard=0.000
			arctic_water=0.000
			mud=1.000
			sandstorm=0.000
			min_snow_level=0.000
		}
		period={
			between={ 0.9 30.9 }
			temperature={ 11.0 28.0 }
			no_phenomenon=0.700
			rain_light=0.150
			rain_heavy=0.150
			snow=0.000
			blizzard=0.000
			arctic_water=0.000
			mud=1.000
			sandstorm=0.000
			min_snow_level=0.000
		}
		period={
			between={ 0.10 29.10 }
			temperature={ 3.0 21.0 }
			no_phenomenon=0.700
			rain_light=0.200
			rain_heavy=0.050
			snow=0.050
			blizzard=0.000
			arctic_water=0.000
			mud=1.000
			sandstorm=0.000
			min_snow_level=0.000
		}
		period={
			between={ 0.11 30.11 }
			temperature={ 1.0 17.0 }
			no_phenomenon=0.700
			rain_light=0.150
			rain_heavy=0.050
			snow=0.100
			blizzard=0.000
			arctic_water=0.000
			mud=1.000
			sandstorm=0.000
			min_snow_level=0.000
		}
	}
}
