strategic_region={
	id=14
	name="STRATEGICREGION_14"
	provinces={
		14984 25 43 47 96 149 150 208 253 267 340 346 427 428 431 482 513 519 527 539 561 563 581 607 633 636 684 796 863 867 880 958 984 1002 1004 1012 1018 1030 1042 1059 1066 1103 1104 1231 1286 1287 1310 1345 1389 1393 1430 1448 1504 1537 1543 1568 1646 1648 1713 1719 1730 1735 1738 1790 1796 1845 1890 1923 1959 1968 1984 1995 2004 2010 2018 2039 2076 2113 2115 2130 2132 2147 2162 2178 2213 2226 2255 2261 2271 2285 2292 2311 2341 2351 2389 2407 2410 2444 2456 2457 2459 2487 2504 2539 2541 2553 2558 2589 2590 2598 2608 2633 2640 2661 2668 2684 2693 2727 2734 2753 2766 2773 2815 2845 2848 2864 2872 2880 2887 2906 2922 2933 2935 2940 2970 2980 3045 3051 3052 3056 3072 3098 3109 3111 3188 3202 3213 3224 3235 3259 3289 3302 3335 3336 3345 3440 3462 3475 3476 3484 3488 3518 3526 3547 3552 3562 3578 3616 3635 3642 3645 3647 3660 3680 3690 3733 3756 3791 3810 3842 3867 3871 3886 3893 3900 3925 3937 3939 3947 3954 3961 3964 3965 3983 3992 3995 4039 4061 4069 4086 4087 4122 4127 4131 4142 4191 4200 4202 4212 4225 4239 4245 4281 4287 4288 4306 4326 4345 4355 4358 4375 4397 4404 4408 4426 4476 4485 4510 4563 4591 4610 4618 4630 4641 4645 4646 4667 4719 4731 4738 4761 4775 4779 4787 4811 4822 4829 4840 4845 4846 4855 4870 4885 4905 4907 4922 4937 4940 4972 4981 4986 4989 5000 5009 5022 5026 5041 5061 5084 5098 5134 5170 5176 5190 5192 5196 5242 5246 5248 5250 5257 5271 5278 5287 5297 5308 5311 5331 5379 5381 5402 5429 5440 5441 5449 5468 5494 5521 5525 5559 5570 5592 5603 5619 5624 5633 5641 5693 5722 5731 5732 5737 5747 5782 5803 5811 5853 5854 5877 5903 5931 5934 5938 5944 5963 7793 7799 7814 7817 7827 7831 7836 7840 7842 7853 7858 7860 7866 7867 7868 7871 7874 7875 7876 7880 7887 7888 7892 7893 7900 7902 7903 7904 7905 7906 7908 7909 7911 7913 7916 7918 7920 7921 7929 7935 7936 7937 7938 7941 7942 7945 7946 7955 7957 7959 7960 7963 7965 7968 7969 7972 7973 7977 7978 7979 7980 7981 7988 7989 7992 7993 7994 8004 8005 8010 8012 8013 8014 8017 8019 8022 8027 8028 8030 8031 8032 8033 8034 8038 8039 8040 8045 8047 8049 8052 8053 8055 8056 8057 8058 8059 8060 8067 8068 8070 8072 8073 8077 8078 8079 8080 8081 8084 8085 8086 8088 8090 8093 8094 8101 8102 8103 8104 8105 8108 8109 8110 8111 8112 8114 8115 8116 8120 8121 8122 8126 8127 8129 8130 8131 8132 8133 8134 8135 8136 8140 8141 8142 8152 8154 8155 8158 8161 8162 8165 8166 8168 8169 8171 8175 8176 8177 8180 8182 8187 8190 8191 8192 8197 8199 8203 8204 8205 8206 8207 8208 8210 8212 8213 8216 8217 8218 8219 8220 8221 8224 8230 8231 8234 8238 8244 8245 8247 8248 8250 8251 8257 8258 8259 8260 8261 8262 8265 8266 8267 8272 8273 8277 8278 8281 8282 8284 8288 8291 8292 8293 8298 8301 8303 8306 8310 8313 8318 8319 8323 8325 8327 8330 8332 8341 8343 8344 8346 8347 8354 8358 8359 8362 8367 8368 8370 8372 8373 8374 8379 8380 8383 8386 8390 8391 8393 8394 8395 8398 8399 8405 8409 8412 8413 8415 8424 8427 8435 8449 8454 8457 8459 8463 8472 8473 8495 9598 14623 14924 14925 14927 14929 14930 14933 14936 14937 
	}
	weather={
	period={
			between={ 0.0 30.0 }
			temperature={ -1.0 23.0 }
			no_phenomenon=0.600
			rain_light=0.200
			rain_heavy=0.100
			snow=0.100
			blizzard=0.000
			arctic_water=0.000
			mud=1.000
			sandstorm=0.000
			min_snow_level=0.000
		}
		period={
			between={ 0.1 27.1 }
			temperature={ 2.0 23.0 }
			no_phenomenon=0.600
			rain_light=0.200
			rain_heavy=0.100
			snow=0.100
			blizzard=0.000
			arctic_water=0.000
			mud=1.000
			sandstorm=0.000
			min_snow_level=0.000
		}
		period={
			between={ 0.2 30.2 }
			temperature={ 5.0 25.0 }
			no_phenomenon=0.600
			rain_light=0.200
			rain_heavy=0.100
			snow=0.100
			blizzard=0.000
			arctic_water=0.000
			mud=1.000
			sandstorm=0.000
			min_snow_level=0.000
		}
		period={
			between={ 0.3 29.3 }
			temperature={ 11.0 27.0 }
			no_phenomenon=0.600
			rain_light=0.300
			rain_heavy=0.100
			snow=0.000
			blizzard=0.000
			arctic_water=0.000
			mud=1.000
			sandstorm=0.000
			min_snow_level=0.000
		}
		period={
			between={ 0.4 30.4 }
			temperature={ 16.0 31.0 }
			no_phenomenon=0.600
			rain_light=0.300
			rain_heavy=0.100
			snow=0.000
			blizzard=0.000
			arctic_water=0.000
			mud=1.000
			sandstorm=0.000
			min_snow_level=0.000
		}
		period={
			between={ 0.5 29.5 }
			temperature={ 20.0 34.0 }
			no_phenomenon=0.500
			rain_light=0.300
			rain_heavy=0.200
			snow=0.000
			blizzard=0.000
			arctic_water=0.000
			mud=1.000
			sandstorm=0.000
			min_snow_level=0.000
		}
		period={
			between={ 0.6 30.6 }
			temperature={ 21.0 35.0 }
			no_phenomenon=0.500
			rain_light=0.300
			rain_heavy=0.200
			snow=0.000
			blizzard=0.000
			arctic_water=0.000
			mud=1.000
			sandstorm=0.000
			min_snow_level=0.000
		}
		period={
			between={ 0.7 30.7 }
			temperature={ 21.0 34.0 }
			no_phenomenon=0.500
			rain_light=0.300
			rain_heavy=0.200
			snow=0.000
			blizzard=0.000
			arctic_water=0.000
			mud=1.000
			sandstorm=0.000
			min_snow_level=0.000
		}
		period={
			between={ 0.8 29.8 }
			temperature={ 19.0 33.0 }
			no_phenomenon=0.600
			rain_light=0.300
			rain_heavy=0.100
			snow=0.000
			blizzard=0.000
			arctic_water=0.000
			mud=1.000
			sandstorm=0.000
			min_snow_level=0.000
		}
		period={
			between={ 0.9 30.9 }
			temperature={ 13.0 29.0 }
			no_phenomenon=0.600
			rain_light=0.300
			rain_heavy=0.100
			snow=0.000
			blizzard=0.000
			arctic_water=0.000
			mud=1.000
			sandstorm=0.000
			min_snow_level=0.000
		}
		period={
			between={ 0.10 29.10 }
			temperature={ 7.0 24.0 }
			no_phenomenon=0.600
			rain_light=0.300
			rain_heavy=0.100
			snow=0.000
			blizzard=0.000
			arctic_water=0.000
			mud=1.000
			sandstorm=0.000
			min_snow_level=0.000
		}
		period={
			between={ 0.11 30.11 }
			temperature={ 2.0 23.0 }
			no_phenomenon=0.600
			rain_light=0.200
			rain_heavy=0.100
			snow=0.100
			blizzard=0.000
			arctic_water=0.000
			mud=1.000
			sandstorm=0.000
			min_snow_level=0.000
		}
	}
}
