strategic_region={
	id=19
	name="STRATEGICREGION_19"
	provinces={
		14 16 39 98 104 127 129 140 157 162 205 221 231 237 254 270 292 299 360 372 402 429 432 453 458 499 529 537 545 560 573 639 644 654 660 676 680 711 714 727 742 789 846 857 877 879 894 940 942 967 970 990 1021 1023 1033 1036 1056 1071 1072 1074 1100 1113 1129 1146 1170 1200 1215 1282 1331 1338 1348 1351 1400 1407 1408 1412 1413 1434 1442 1443 1457 1461 1479 1507 1512 1517 1534 1540 1581 1657 1689 1699 1726 1732 1733 1747 1761 1813 1822 1847 1866 1948 1955 1963 1977 2117 2126 2144 2171 2188 2200 2229 2270 2278 2280 2282 2293 2309 2349 2359 2367 2375 2382 2423 2433 2447 2468 2476 2477 2480 2524 2525 2561 2595 2602 2604 2606 2616 2630 2648 2667 2697 2725 2726 2740 2747 2752 2785 2814 2821 2832 2842 2844 2859 2865 2870 2878 2879 2888 2893 2903 2917 2927 2929 2943 2986 3013 3014 3017 3023 3055 3069 3070 3083 3092 3104 3114 3117 3128 3136 3137 3146 3216 3266 3281 3356 3370 3388 3402 3422 3442 3487 3504 3513 3530 3544 3546 3586 3602 3614 3617 3624 3628 3634 3672 3744 3762 3785 3801 3815 3828 3856 3858 3888 3898 3899 3910 3958 3959 4021 4024 4051 4091 4093 4096 4102 4141 4182 4219 4243 4262 4276 4283 4332 4352 4361 4369 4406 4409 4462 4463 4483 4486 4487 4493 4509 4535 4570 4606 4627 4629 4647 4655 4657 4663 4686 4704 4735 4741 4742 4762 4792 4832 4837 4848 4849 4854 4862 4902 4914 4924 4930 4931 4933 4949 5011 5024 5074 5153 5166 5182 5204 5280 5281 5304 5338 5340 5346 5370 5372 5387 5395 5448 5495 5523 5533 5630 5652 5690 5707 5750 5834 5873 5876 5962 5968 7319 7371 7392 7394 7399 7405 7409 7410 7414 7415 7424 7438 7446 7450 7458 7465 7468 7470 7475 7478 7479 7480 7497 7504 7509 7510 7511 7515 7525 7531 7534 7540 7548 7552 7555 7568 7573 7579 7583 7585 7591 7608 7613 7620 7627 7628 7631 7640 7659 7660 7664 7673 7679 7687 7688 7693 7699 7702 7703 7721 7722 7725 7729 7735 7737 7743 7747 7748 7752 7753 7761 7763 7765 7779 7787 7798 7808 7813 7815 7823 7824 7825 7833 7834 7838 7844 7851 7852 7857 7863 7864 7870 7877 7879 7885 7886 7894 7895 7898 7899 7910 7917 7924 7925 7927 7931 7932 7939 7951 7953 7975 7982 7983 7985 7986 7987 7995 7998 8001 8006 8007 8008 8016 8020 8021 8024 8029 8035 8036 8037 8042 8048 8050 8061 8062 8065 8066 8075 8089 8091 8095 8106 8107 8113 8117 8137 8139 8143 8147 8148 8157 8159 8164 8167 8172 8173 8181 8193 8194 8195 8215 8222 8223 8236 8240 8246 8252 8254 8256 8274 8283 8285 8295 8302 8311 8314 14622 14910 14918 
	}
	weather={
	period={
			between={ 0.0 30.0 }
			temperature={ -12.0 8.0 }
			no_phenomenon=0.300
			rain_light=0.400
			rain_heavy=0.200
			snow=0.100
			blizzard=0.000
			arctic_water=0.000
			mud=1.000
			sandstorm=0.000
			min_snow_level=0.100
		}
		period={
			between={ 0.1 27.1 }
			temperature={ -9.0 12.0 }
			no_phenomenon=0.300
			rain_light=0.400
			rain_heavy=0.200
			snow=0.100
			blizzard=0.000
			arctic_water=0.000
			mud=1.000
			sandstorm=0.000
			min_snow_level=0.100
		}
		period={
			between={ 0.2 30.2 }
			temperature={ -3.0 16.0 }
			no_phenomenon=0.300
			rain_light=0.500
			rain_heavy=0.200
			snow=0.000
			blizzard=0.000
			arctic_water=0.000
			mud=1.000
			sandstorm=0.000
			min_snow_level=0.000
		}
		period={
			between={ 0.3 29.3 }
			temperature={ 3.0 20.0 }
			no_phenomenon=0.400
			rain_light=0.400
			rain_heavy=0.200
			snow=0.000
			blizzard=0.000
			arctic_water=0.000
			mud=1.000
			sandstorm=0.000
			min_snow_level=0.000
		}
		period={
			between={ 0.4 30.4 }
			temperature={ 8.0 24.0 }
			no_phenomenon=0.500
			rain_light=0.350
			rain_heavy=0.150
			snow=0.000
			blizzard=0.000
			arctic_water=0.000
			mud=1.000
			sandstorm=0.000
			min_snow_level=0.000
		}
		period={
			between={ 0.5 29.5 }
			temperature={ 14.0 29.0 }
			no_phenomenon=0.600
			rain_light=0.300
			rain_heavy=0.100
			snow=0.000
			blizzard=0.000
			arctic_water=0.000
			mud=1.000
			sandstorm=0.000
			min_snow_level=0.000
		}
		period={
			between={ 0.6 30.6 }
			temperature={ 18.0 32.0 }
			no_phenomenon=0.800
			rain_light=0.150
			rain_heavy=0.050
			snow=0.000
			blizzard=0.000
			arctic_water=0.000
			mud=1.000
			sandstorm=0.000
			min_snow_level=0.000
		}
		period={
			between={ 0.7 30.7 }
			temperature={ 16.0 30.0 }
			no_phenomenon=0.800
			rain_light=0.150
			rain_heavy=0.050
			snow=0.000
			blizzard=0.000
			arctic_water=0.000
			mud=1.000
			sandstorm=0.000
			min_snow_level=0.000
		}
		period={
			between={ 0.8 29.8 }
			temperature={ 12.0 26.0 }
			no_phenomenon=0.650
			rain_light=0.250
			rain_heavy=0.100
			snow=0.000
			blizzard=0.000
			arctic_water=0.000
			mud=1.000
			sandstorm=0.000
			min_snow_level=0.000
		}
		period={
			between={ 0.9 30.9 }
			temperature={ 6.0 21.0 }
			no_phenomenon=0.500
			rain_light=0.350
			rain_heavy=0.150
			snow=0.000
			blizzard=0.000
			arctic_water=0.000
			mud=1.000
			sandstorm=0.000
			min_snow_level=0.000
		}
		period={
			between={ 0.10 29.10 }
			temperature={ -4.0 13.0 }
			no_phenomenon=0.350
			rain_light=0.400
			rain_heavy=0.200
			snow=0.050
			blizzard=0.000
			arctic_water=0.000
			mud=1.000
			sandstorm=0.000
			min_snow_level=0.000
		}
		period={
			between={ 0.11 30.11 }
			temperature={ -11.0 9.0 }
			no_phenomenon=0.300
			rain_light=0.400
			rain_heavy=0.200
			snow=0.100
			blizzard=0.000
			arctic_water=0.000
			mud=1.000
			sandstorm=0.000
			min_snow_level=0.000
		}
	}
}
