strategic_region={
	id=20
	name="STRATEGICREGION_20"
	provinces={
		37 50 61 67 100 101 115 120 137 152 155 165 178 197 207 219 239 259 313 331 337 363 376 381 421 430 435 446 450 463 472 473 474 478 496 498 530 547 572 587 589 609 621 634 642 656 697 709 719 731 734 739 741 744 779 781 788 795 829 862 873 876 905 938 944 945 963 968 977 999 1009 1020 1027 1028 1031 1058 1078 1088 1112 1114 1116 1151 1209 1257 1277 1292 1297 1299 1301 1302 1321 1342 1357 1358 1376 1381 1417 1439 1446 1458 1471 1478 1493 1501 1520 1528 1547 1550 1562 1570 1585 1586 1606 1619 1628 1641 1651 1668 1670 1674 1679 1688 1703 1740 1742 1752 1766 1774 1785 1793 1807 1816 1824 1828 1833 1844 1867 1887 1921 1925 1929 1956 1972 1986 1993 2021 2029 2081 2088 2094 2112 2121 2139 2155 2184 2198 2199 2233 2246 2268 2303 2319 2327 2346 2401 2409 2418 2467 2471 2514 2531 2533 2535 2537 2544 2562 2569 2580 2601 2621 2657 2658 2665 2670 2678 2695 2711 2729 2749 2759 2802 2804 2817 2820 2823 2834 2837 2846 2892 2894 2896 2914 2923 2944 2967 3032 3041 3042 3061 3075 3088 3115 3123 3147 3163 3174 3191 3209 3215 3221 3257 3268 3286 3326 3341 3347 3349 3394 3400 3408 3409 3410 3448 3452 3463 3495 3506 3561 3569 3581 3593 3603 3606 3609 3630 3639 3650 3652 3686 3691 3693 3700 3774 3782 3832 3833 3837 3843 3846 3849 3850 3870 3894 3903 3926 3962 3988 4010 4011 4014 4031 4048 4067 4073 4101 4103 4113 4114 4145 4148 4149 4150 4157 4186 4228 4233 4286 4289 4299 4319 4323 4325 4335 4354 4364 4366 4367 4370 4377 4381 4419 4427 4432 4438 4444 4454 4460 4464 4465 4470 4472 4474 4484 4489 4499 4504 4507 4513 4516 4541 4549 4573 4587 4597 4598 4621 4624 4643 4665 4672 4673 4675 4706 4711 4751 4752 4755 4768 4790 4807 4813 4818 4825 4828 4830 4839 4866 4867 4872 4899 4943 4975 5006 5032 5047 5049 5071 5079 5083 5091 5154 5178 5210 5231 5240 5247 5285 5312 5329 5341 5352 5357 5384 5388 5401 5409 5466 5478 5511 5587 5600 5608 5613 5685 5689 5714 5725 5729 5743 5745 5754 5787 5790 5791 5792 5795 5816 5824 5848 5893 5896 5906 5929 5953 5966 6685 6697 6698 6704 6711 6717 6727 6739 6741 6743 6748 6755 6775 6779 6786 6788 6791 6792 6797 6799 6802 6803 6817 6821 6828 6842 6845 6851 6854 6859 6862 6867 6882 6889 6890 6909 6910 6913 6922 6929 6946 6947 6949 6953 6954 6966 6968 6979 6996 7009 7013 7015 7025 7028 7029 7032 7037 7041 7046 7047 7048 7052 7055 7061 7074 7075 7078 7079 7080 7082 7083 7089 7093 7104 7126 7128 7129 7131 7140 7143 7148 7149 7152 7157 7158 7163 7169 7176 7177 7179 7180 7183 7184 7188 7198 7205 7206 7210 7211 7217 7218 7224 7227 7228 7234 7235 7237 7238 7242 7248 7251 7253 7260 7261 7263 7267 7290 7292 7307 7309 7310 7320 7328 7330 7335 7341 7344 7345 7346 7349 7352 7354 7359 7367 7368 7375 7377 7378 7393 7400 7401 7406 7407 7411 7417 7427 7447 7451 7454 7455 7463 7464 7466 7476 7481 7487 7488 7489 7491 7498 7505 7516 7518 7526 7527 7528 7529 7537 7541 7550 7556 7558 7561 7562 7563 7565 7569 7571 7576 7586 7587 7594 7595 7598 7603 7607 7610 7614 7621 7622 7626 7632 7635 7641 7643 7647 7648 7661 7665 7674 7675 7676 7681 7691 7697 7704 7705 7707 7708 7711 7712 7716 7717 7723 7726 7728 7730 7731 7738 7739 7741 7754 7757 7758 7771 7773 7780 7782 7784 7790 7797 14509 14510 14587 14887 14890 14891 14893 14894 14896 14897 14913 14920 14921 
	}
	weather={
	period={
			between={ 0.0 30.0 }
			temperature={ -20.0 5.0 }
			no_phenomenon=0.800
			rain_light=0.100
			rain_heavy=0.000
			snow=0.350
			blizzard=0.050
			arctic_water=0.000
			mud=1.000
			sandstorm=0.000
			min_snow_level=0.100
		}
		period={
			between={ 0.1 27.1 }
			temperature={ -19.0 9.0 }
			no_phenomenon=0.800
			rain_light=0.100
			rain_heavy=0.000
			snow=0.350
			blizzard=0.050
			arctic_water=0.000
			mud=1.000
			sandstorm=0.000
			min_snow_level=0.100
		}
		period={
			between={ 0.2 30.2 }
			temperature={ -12.0 14.0 }
			no_phenomenon=0.700
			rain_light=0.100
			rain_heavy=0.100
			snow=0.100
			blizzard=0.050
			arctic_water=0.000
			mud=1.000
			sandstorm=0.000
			min_snow_level=0.000
		}
		period={
			between={ 0.3 29.3 }
			temperature={ 1.0 19.0 }
			no_phenomenon=0.600
			rain_light=0.200
			rain_heavy=0.100
			snow=0.000
			blizzard=0.000
			arctic_water=0.000
			mud=1.000
			sandstorm=0.000
			min_snow_level=0.000
		}
		period={
			between={ 0.4 30.4 }
			temperature={ 7.0 27.0 }
			no_phenomenon=0.600
			rain_light=0.200
			rain_heavy=0.100
			snow=0.000
			blizzard=0.000
			arctic_water=0.000
			mud=1.000
			sandstorm=0.000
			min_snow_level=0.000
		}
		period={
			between={ 0.5 29.5 }
			temperature={ 12.0 31.0 }
			no_phenomenon=0.600
			rain_light=0.150
			rain_heavy=0.250
			snow=0.000
			blizzard=0.000
			arctic_water=0.000
			mud=1.000
			sandstorm=0.000
			min_snow_level=0.000
		}
		period={
			between={ 0.6 30.6 }
			temperature={ 16.0 35.0 }
			no_phenomenon=0.600
			rain_light=0.200
			rain_heavy=0.200
			snow=0.000
			blizzard=0.000
			arctic_water=0.000
			mud=1.000
			sandstorm=0.000
			min_snow_level=0.000
		}
		period={
			between={ 0.7 30.7 }
			temperature={ 15.0 33.0 }
			no_phenomenon=0.700
			rain_light=0.200
			rain_heavy=0.100
			snow=0.000
			blizzard=0.000
			arctic_water=0.000
			mud=1.000
			sandstorm=0.000
			min_snow_level=0.000
		}
		period={
			between={ 0.8 29.8 }
			temperature={ 10.0 28.0 }
			no_phenomenon=0.700
			rain_light=0.200
			rain_heavy=0.100
			snow=0.000
			blizzard=0.000
			arctic_water=0.000
			mud=1.000
			sandstorm=0.000
			min_snow_level=0.000
		}
		period={
			between={ 0.9 30.9 }
			temperature={ 4.0 22.0 }
			no_phenomenon=0.700
			rain_light=0.250
			rain_heavy=0.100
			snow=0.050
			blizzard=0.000
			arctic_water=0.000
			mud=1.000
			sandstorm=0.000
			min_snow_level=0.000
		}
		period={
			between={ 0.10 29.10 }
			temperature={ -6.0 12.0 }
			no_phenomenon=0.700
			rain_light=0.100
			rain_heavy=0.100
			snow=0.100
			blizzard=0.050
			arctic_water=0.000
			mud=1.000
			sandstorm=0.000
			min_snow_level=0.000
		}
		period={
			between={ 0.11 30.11 }
			temperature={ -13.0 6.0 }
			no_phenomenon=0.700
			rain_light=0.100
			rain_heavy=0.000
			snow=0.300
			blizzard=0.100
			arctic_water=0.000
			mud=1.000
			sandstorm=0.000
			min_snow_level=0.000
		}
	}
}
