strategic_region={
	id=21
	name="STRATEGICREGION_21"
	provinces={
		177 214 236 251 281 389 424 461 462 552 564 746 835 837 847 856 864 910 936 1011 1025 1089 1115 1136 1141 1145 1175 1177 1214 1226 1229 1259 1267 1312 1337 1362 1423 1424 1523 1587 1602 1650 1711 1754 1763 1789 1801 1841 1861 1879 1883 1932 1961 1988 2015 2017 2061 2074 2125 2145 2157 2181 2203 2279 2299 2307 2347 2448 2493 2508 2543 2550 2629 2636 2649 2650 2656 2687 2723 2793 2816 2891 2901 2919 2956 3011 3012 3057 3079 3118 3119 3180 3182 3195 3211 3232 3254 3260 3287 3317 3332 3371 3383 3417 3420 3441 3459 3480 3491 3519 3568 3582 3611 3622 3657 3683 3701 3711 3742 3751 3754 3758 3798 3808 3820 3831 3931 3956 3971 3972 3980 4012 4033 4034 4044 4070 4080 4090 4108 4128 4167 4195 4231 4237 4241 4291 4315 4339 4351 4383 4422 4446 4451 4498 4544 4584 4589 4594 4613 4644 4670 4674 4687 4713 4715 4740 4750 4757 4771 4795 4817 4863 4868 4897 4909 4913 4916 4923 4941 4952 4959 4992 4996 5010 5046 5068 5075 5094 5108 5114 5141 5195 5205 5224 5228 5238 5244 5288 5309 5316 5326 5351 5374 5390 5414 5420 5433 5442 5443 5447 5479 5488 5498 5502 5522 5534 5542 5546 5577 5597 5599 5605 5609 5667 5668 5675 5684 5692 5705 5762 5767 5771 5779 5820 5821 5826 5837 5881 5891 5892 5911 5935 5939 5945 5950 6761 6769 6772 6778 6780 6784 6789 6809 6810 6815 6818 6819 6822 6838 6846 6848 6849 6852 6855 6856 6857 6860 6863 6866 6873 6877 6884 6885 6894 6898 6899 6905 6906 6908 6915 6916 6917 6921 6924 6925 6927 6930 6933 6934 6943 6944 6945 6951 6958 6967 6969 6974 6975 6976 6977 6980 6981 6984 6985 6986 6989 6999 7000 7001 7010 7014 7017 7022 7026 7033 7035 7045 7049 7056 7059 7066 7069 7071 7085 7086 7091 7094 7098 7101 7105 7107 7108 7116 7120 7121 7122 7123 7127 7132 7138 7144 7146 7151 7155 7159 7164 7168 7170 7172 7178 7181 7182 7190 7191 7192 7195 7203 7204 7207 7212 7214 7215 7222 7225 7229 7232 7239 7244 7245 7249 7250 7252 7254 7256 7257 7262 7264 7265 7268 7274 7276 7277 7279 7285 7286 7287 7293 7294 7295 7296 7303 7308 7311 7312 7313 7314 7317 7325 7326 7329 7331 7336 7337 7339 7342 7347 7350 7351 7355 7360 7363 7364 7369 7376 7379 7380 7383 7384 7386 7389 7395 7402 7408 7416 7418 7422 7429 7431 7432 7433 7435 7436 7439 7442 7444 7445 7448 7452 7453 7471 7472 7473 7484 7492 7499 7506 7512 7533 7538 7542 7543 7544 7545 7553 7566 7615 7670 9591 14504 14506 14513 14520 14521 14523 14524 14529 14531 14533 14534 14536 14537 14543 14547 14550 14552 14555 14557 14566 14574 14576 14578 14579 14585 14590 14592 14593 14613 14616 14617 14618 14619 14898 14905 14909 
	}
	weather={
	period={
			between={ 0.0 30.0 }
			temperature={ -15.0 7.0 }
			no_phenomenon=0.700
			rain_light=0.200
			rain_heavy=0.000
			snow=0.100
			blizzard=0.000
			arctic_water=0.000
			mud=1.000
			sandstorm=0.000
			min_snow_level=0.000
		}
		period={
			between={ 0.1 27.1 }
			temperature={ -14.0 8.0 }
			no_phenomenon=0.700
			rain_light=0.200
			rain_heavy=0.000
			snow=0.100
			blizzard=0.000
			arctic_water=0.000
			mud=1.000
			sandstorm=0.000
			min_snow_level=0.000
		}
		period={
			between={ 0.2 30.2 }
			temperature={ -10.0 15.0 }
			no_phenomenon=0.700
			rain_light=0.100
			rain_heavy=0.100
			snow=0.100
			blizzard=0.000
			arctic_water=0.000
			mud=1.000
			sandstorm=0.000
			min_snow_level=0.000
		}
		period={
			between={ 0.3 29.3 }
			temperature={ 1.0 18.0 }
			no_phenomenon=0.600
			rain_light=0.200
			rain_heavy=0.200
			snow=0.000
			blizzard=0.000
			arctic_water=0.000
			mud=1.000
			sandstorm=0.000
			min_snow_level=0.000
		}
		period={
			between={ 0.4 30.4 }
			temperature={ 7.0 24.0 }
			no_phenomenon=0.600
			rain_light=0.200
			rain_heavy=0.200
			snow=0.000
			blizzard=0.000
			arctic_water=0.000
			mud=1.000
			sandstorm=0.000
			min_snow_level=0.000
		}
		period={
			between={ 0.5 29.5 }
			temperature={ 12.0 30.0 }
			no_phenomenon=0.600
			rain_light=0.150
			rain_heavy=0.250
			snow=0.000
			blizzard=0.000
			arctic_water=0.000
			mud=1.000
			sandstorm=0.000
			min_snow_level=0.000
		}
		period={
			between={ 0.6 30.6 }
			temperature={ 16.0 32.0 }
			no_phenomenon=0.600
			rain_light=0.200
			rain_heavy=0.200
			snow=0.000
			blizzard=0.000
			arctic_water=0.000
			mud=1.000
			sandstorm=0.000
			min_snow_level=0.000
		}
		period={
			between={ 0.7 30.7 }
			temperature={ 15.0 31.0 }
			no_phenomenon=0.700
			rain_light=0.200
			rain_heavy=0.100
			snow=0.000
			blizzard=0.000
			arctic_water=0.000
			mud=1.000
			sandstorm=0.000
			min_snow_level=0.000
		}
		period={
			between={ 0.8 29.8 }
			temperature={ 10.0 27.0 }
			no_phenomenon=0.700
			rain_light=0.200
			rain_heavy=0.100
			snow=0.000
			blizzard=0.000
			arctic_water=0.000
			mud=1.000
			sandstorm=0.000
			min_snow_level=0.000
		}
		period={
			between={ 0.9 30.9 }
			temperature={ 3.0 21.0 }
			no_phenomenon=0.700
			rain_light=0.250
			rain_heavy=0.100
			snow=0.050
			blizzard=0.000
			arctic_water=0.000
			mud=1.000
			sandstorm=0.000
			min_snow_level=0.000
		}
		period={
			between={ 0.10 29.10 }
			temperature={ -5.0 14.0 }
			no_phenomenon=0.700
			rain_light=0.100
			rain_heavy=0.100
			snow=0.100
			blizzard=0.000
			arctic_water=0.000
			mud=1.000
			sandstorm=0.000
			min_snow_level=0.000
		}
		period={
			between={ 0.11 30.11 }
			temperature={ -12.0 8.0 }
			no_phenomenon=0.700
			rain_light=0.200
			rain_heavy=0.000
			snow=0.100
			blizzard=0.000
			arctic_water=0.000
			mud=1.000
			sandstorm=0.000
			min_snow_level=0.000
		}
	}
}
