
strategic_region={
	id=9
	name="STRATEGICREGION_9"
	provinces={
		13 16 23 97 102 126 130 133 142 181 192 221 237 256 292 296 310 312 318 338 386 398 415 423 426 443 457 458 481 483 495 499 520 529 548 554 562 569 585 590 598 612 622 623 632 639 644 646 654 691 694 696 706 733 742 777 789 811 817 909 923 940 957 964 967 970 971 979 983 1021 1023 1046 1047 1072 1092 1098 1110 1113 1146 1147 1157 1160 1170 1215 1249 1251 1253 1268 1271 1284 1285 1298 1309 1325 1371 1372 1382 1387 1407 1412 1413 1434 1435 1442 1457 1461 1472 1473 1475 1477 1479 1492 1512 1517 1540 1581 1597 1635 1647 1656 1689 1705 1710 1726 1732 1733 1747 1757 1760 1761 1769 1810 1813 1818 1840 1846 1865 1866 1885 1888 1897 1900 1920 1946 1948 1955 1963 1969 1971 1978 1998 2014 2019 2024 2025 2028 2033 2044 2047 2067 2080 2090 2152 2160 2163 2183 2186 2195 2200 2204 2206 2208 2223 2224 2227 2229 2241 2254 2257 2260 2275 2278 2280 2293 2309 2343 2358 2359 2363 2367 2373 2384 2411 2423 2433 2434 2439 2441 2445 2477 2489 2494 2525 2529 2548 2564 2582 2594 2595 2602 2603 2604 2612 2619 2630 2631 2648 2686 2690 2697 2715 2725 2744 2748 2750 2756 2779 2785 2791 2819 2821 2836 2838 2841 2844 2870 2873 2879 2893 2903 2912 2927 2974 2984 2986 3014 3017 3023 3027 3058 3083 3090 3091 3094 3113 3117 3125 3135 3136 3137 3151 3159 3187 3212 3216 3225 3242 3266 3269 3274 3277 3281 3288 3308 3310 3314 3356 3369 3373 3379 3388 3389 3392 3396 3406 3419 3422 3427 3442 3457 3468 3472 3473 3487 3490 3513 3524 3530 3535 3538 3541 3550 3577 3596 3602 3608 3617 3628 3629 3634 3662 3670 3672 3712 3720 3744 3826 3828 3858 3865 3875 3877 3882 3887 3888 3917 3921 3934 3935 3936 3946 3958 3959 3985 4004 4006 4021 4032 4088 4089 4091 4093 4096 4102 4105 4123 4130 4132 4136 4144 4146 4165 4169 4176 4182 4188 4207 4218 4235 4243 4244 4246 4247 4249 4283 4285 4300 4309 4330 4334 4352 4421 4430 4434 4443 4448 4483 4493 4509 4530 4531 4537 4543 4565 4572 4638 4656 4663 4671 4686 4696 4707 4714 4722 4730 4735 4742 4767 4789 4792 4812 4842 4848 4854 4862 4882 4886 4933 4936 4938 4999 5003 5004 5011 5025 5028 5057 5062 5066 5080 5102 5107 5113 5149 5150 5152 5182 5193 5199 5202 5236 5261 5274 5282 5303 5344 5346 5370 5380 5387 5391 5399 5404 5463 5465 5467 5491 5507 5520 5537 5568 5581 5583 5628 5650 5652 5690 5710 5713 5742 5750 5755 5756 5761 5796 5801 5805 5825 5831 5869 5873 5885 5890 5899 5959 5962 6629 6631 6633 6645 6649 6652 6654 6655 6659 6668 6673 6676 6680 6681 6692 6695 6699 6706 6707 6708 6710 6714 6716 6718 6725 6728 6732 6735 6737 6738 6740 6744 6746 6747 6749 6752 6756 6758 6763 6766 6768 6770 6771 6774 6781 6785 6787 6794 6798 6800 6801 6808 6812 6813 6814 6816 6820 6833 6834 6835 6836 6837 6843 6844 6847 6850 6853 6864 6865 6872 6876 6879 6881 6883 6888 6891 6892 6895 6896 6897 6902 6907 6914 6920 6923 6928 6932 6940 6941 6950 6952 6957 6959 6960 6972 6973 6982 6991 6992 6993 6995 6997 6998 7003 7004 7005 7021 7024 7027 7034 7036 7043 7044 7051 7054 7058 7060 7063 7065 7067 7068 7070 7073 7077 7081 7084 7087 7088 7092 7096 7097 7099 7100 7103 7106 7109 7110 7111 7112 7114 7115 7118 7119 7124 7125 7130 7135 7136 7137 7139 7145 7147 7161 7166 7167 7173 7174 7175 7187 7189 7193 7197 7202 7209 7223 7226 7247 7259 7271 7273 7299 7316 7319 7333 7334 7357 7361 7371 7392 7394 7399 7405 7409 7410 7414 7415 7424 7438 7446 7450 7458 7465 7468 7470 7475 7478 7479 7480 7497 7504 7509 7510 7511 7515 7525 7531 7534 7540 7548 7552 7555 7568 7573 7579 7583 7585 7591 7608 7613 7620 7627 7628 7631 7640 7659 7660 7664 7673 7679 7687 7688 7693 7699 7702 7703 7721 7722 7725 7729 7735 7737 7743 7747 7748 7752 7753 7761 7763 7765 7779 7787 7798 9590 14622 14883 14889 14892 14899 14901 14902 14904 14910 14918 
	}
	weather={
		period={
			between={ 0.0 30.0 }
			temperature={ -2.0 8.0 }
			no_phenomenon=0.300
			rain_light=0.400
			rain_heavy=0.200
			snow=0.200
			blizzard=0.000
			arctic_water=0.000
			mud=1.000
			sandstorm=0.000
			min_snow_level=0.000
		}
		period={
			between={ 0.1 27.1 }
			temperature={ -2.0 8.0 }
			no_phenomenon=0.300
			rain_light=0.400
			rain_heavy=0.200
			snow=0.200
			blizzard=0.000
			arctic_water=0.000
			mud=1.000
			sandstorm=0.000
			min_snow_level=0.000
		}
		period={
			between={ 0.2 30.2 }
			temperature={ 5.0 13.0 }
			no_phenomenon=0.300
			rain_light=0.500
			rain_heavy=0.200
			snow=0.000
			blizzard=0.000
			arctic_water=0.000
			mud=1.000
			sandstorm=0.000
			min_snow_level=0.000
		}
		period={
			between={ 0.3 29.3 }
			temperature={ 7.0 16.0 }
			no_phenomenon=0.400
			rain_light=0.400
			rain_heavy=0.200
			snow=0.000
			blizzard=0.000
			arctic_water=0.000
			mud=1.000
			sandstorm=0.000
			min_snow_level=0.000
		}
		period={
			between={ 0.4 30.4 }
			temperature={ 10.0 20.0 }
			no_phenomenon=0.500
			rain_light=0.350
			rain_heavy=0.150
			snow=0.000
			blizzard=0.000
			arctic_water=0.000
			mud=1.000
			sandstorm=0.000
			min_snow_level=0.000
		}
		period={
			between={ 0.5 29.5 }
			temperature={ 14.0 20.0 }
			no_phenomenon=0.600
			rain_light=0.300
			rain_heavy=0.100
			snow=0.000
			blizzard=0.000
			arctic_water=0.000
			mud=1.000
			sandstorm=0.000
			min_snow_level=0.000
		}
		period={
			between={ 0.6 30.6 }
			temperature={ 18.0 26.0 }
			no_phenomenon=0.800
			rain_light=0.150
			rain_heavy=0.050
			snow=0.000
			blizzard=0.000
			arctic_water=0.000
			mud=1.000
			sandstorm=0.000
			min_snow_level=0.000
		}
		period={
			between={ 0.7 30.7 }
			temperature={ 20.0 26.0 }
			no_phenomenon=0.800
			rain_light=0.150
			rain_heavy=0.050
			snow=0.000
			blizzard=0.000
			arctic_water=0.000
			mud=1.000
			sandstorm=0.000
			min_snow_level=0.000
		}
		period={
			between={ 0.8 29.8 }
			temperature={ 16.0 20.0 }
			no_phenomenon=0.650
			rain_light=0.250
			rain_heavy=0.100
			snow=0.000
			blizzard=0.000
			arctic_water=0.000
			mud=1.000
			sandstorm=0.000
			min_snow_level=0.000
		}
		period={
			between={ 0.9 30.9 }
			temperature={ 10.0 15.0 }
			no_phenomenon=0.500
			rain_light=0.350
			rain_heavy=0.150
			snow=0.000
			blizzard=0.000
			arctic_water=0.000
			mud=1.000
			sandstorm=0.000
			min_snow_level=0.000
		}
		period={
			between={ 0.10 29.10 }
			temperature={ 5.0 10.0 }
			no_phenomenon=0.350
			rain_light=0.400
			rain_heavy=0.200
			snow=0.100
			blizzard=0.000
			arctic_water=0.000
			mud=1.000
			sandstorm=0.000
			min_snow_level=0.000
		}
		period={
			between={ 0.11 30.11 }
			temperature={ 0.0 5.0 }
			no_phenomenon=0.300
			rain_light=0.400
			rain_heavy=0.200
			snow=0.200
			blizzard=0.000
			arctic_water=0.000
			mud=1.000
			sandstorm=0.000
			min_snow_level=0.000
		}
		period={
			between={ 4.11 21.11 }
			temperature={ -10.0 35.0 }
			no_phenomenon=1.500
			rain_light=0.250
			rain_heavy=0.100
			snow=0.000
			blizzard=0.000
			arctic_water=0.000
			mud=0.000
			sandstorm=0.000
			min_snow_level=0.000
		}
	}
}
