1 30 
1 179 
1 214 
1 272 
1 346 
1 560 
1 701 
1 837 
1 898 
1 984 
1 1110 
1 1166 
1 1341 
1 1395 
1 1511 
1 1637 
1 1679 
1 1847 
1 1874 
1 1917 
1 1935 
1 1959 
1 1984 
1 2012 
1 2122 
1 2132 
1 2282 
1 2294 
1 2340 
1 2349 
1 2456 
1 2524 
1 2629 
1 2640 
1 2650 
1 2651 
1 2665 
1 2702 
1 2783 
1 2807 
1 2816 
1 2827 
1 2875 
1 2910 
1 2951 
1 2956 
1 2979 
1 3142 
1 3250 
1 3313 
1 3408 
1 3508 
1 3539 
1 3562 
1 3608 
1 3723 
1 3843 
1 3979 
1 4093 
1 4106 
1 4122 
1 4145 
1 4272 
1 4546 
1 4573 
1 4601 
1 4612 
1 4661 
1 4662 
1 4694 
1 4701 
1 4737 
1 4771 
1 4890 
1 4988 
1 5011 
1 5042 
1 5084 
1 5205 
1 5290 
1 5300 
1 5426 
1 5494 
1 5737 
1 5771 
1 5779 
1 5824 
1 5920 
1 5938 
1 5963 
1 6710 
1 6736 
1 6824 
1 6832 
1 6843 
1 6893 
1 6935 
1 6948 
1 6959 
1 6968 
1 7057 
1 7071 
1 7085 
1 7117 
1 7151 
1 7160 
1 7195 
1 7229 
1 7233 
1 7236 
1 7258 
1 7277 
1 7280 
1 7281 
1 7322 
1 7360 
1 7383 
1 7421 
1 7452 
1 7467 
1 7524 
1 7556 
1 7562 
1 7572 
1 7629 
1 7649 
1 7654 
1 7700 
1 7709 
1 7718 
1 7744 
1 7745 
1 7774 
1 7805 
1 7869 
1 7891 
1 7892 
1 7909 
1 7952 
1 8078 
1 8086 
1 8103 
1 8108 
1 8117 
1 8138 
1 8246 
1 8268 
1 8277 
1 8291 
1 8306 
1 8365 
1 8385 
1 8409 
