
state={
	id=8
	name="STATE_8"
	history={
		owner = CAN
		add_core_of = CAN
	}

	provinces={
		4 26 56 58 76 83 84 90 93 116 136 148 161 163 173 180 183 185 190 203 224 244 246 247 271 274 277 280 285 289 304 305 314 320 326 330 336 350 354 361 370 379 385 400 439 447 454 455 477 479 480 533 535 541 555 568 583 596 619 620 624 648 649 651 665 667 674 683 686 752 761 766 770 780 802 814 818 821 834 884 889 897 903 921 952 992 994 995 1001 1003 1005 1051 1052 1068 1081 1086 1087 1102 1118 1143 1149 1154 1155 1163 1176 1178 1181 1188 1211 1216 1233 1234 1245 1294 1306 1313 1327 1329 1339 1343 1356 1361 1368 1374 1375 1386 1388 1409 1411 1422 1428 1429 1440 1468 1480 1489 1525 1558 1575 1583 1604 1607 1639 1642 1671 1681 1700 1744 1755 1782 1788 1811 1835 1872 1902 1906 1909 1910 1944 1950 1964 1980 1999 2005 2009 2011 2023 2026 2027 2030 2035 2042 2071 2105 2116 2119 2135 2142 2165 2172 2180 2201 2210 2259 2287 2314 2318 2334 2360 2364 2369 2453 2458 2479 2496 2513 2532 2546 2571 2626 2632 2703 2721 2801 2806 2822 2839 2840 2847 2856 2897 2898 2904 2939 2941 2947 2954 2959 3010 3015 3034 3048 3059 3064 3122 3130 3150 3166 3196 3217 3219 3223 3227 3228 3239 3270 3271 3285 3298 3309 3328 3401 3426 3439 3450 3453 3455 3479 3481 3501 3517 3558 3564 3571 3580 3588 3589 3590 3604 3605 3615 3638 3679 3745 3747 3777 3795 3816 3873 3878 3923 3928 3941 3944 3949 3967 4001 4008 4009 4016 4022 4026 4056 4066 4116 4117 4152 4154 4184 4190 4198 4238 4250 4252 4294 4303 4305 4321 4423 4428 4466 4508 4517 4545 4636 4659 4689 4693 4709 4778 4784 4858 4908 4945 5030 5059 5147 5172 5214 5223 5226 5293 5378 5411 5418 5423 5445 5474 5483 5486 5516 5526 5527 5536 5572 5604 5626 5632 5715 5728 5888 5923 5965 5972 5973 5987 5991 5997 5998 5999 6001 6015 6016 6019 6024 6026 6027 6030 6035 6037 6039 6042 6044 6046 6047 6051 6053 6059 6064 6087 6088 6091 6098 6101 6104 6106 6109 6114 6117 6122 6124 6125 6126 6129 6133 6135 6136 6137 6139 6142 6143 6145 6150 6151 6152 6153 6154 6155 6158 6159 6161 6165 6168 6169 6175 6179 6183 6185 6188 6189 6192 6193 6202 6204 6209 6211 6215 6216 6218 6230 6250 6268 6272 6273 9494 9495 9496 9498 9500 9503 9507 9509 9510 9513 9514 9515 9517 9521 9522 9523 9524 9525 9526 9528 9529 9532 9533 9534 9537 9538 9539 9546 9548 9550 9552 9553 9555 9567 14545 14573 14584 14596 14601 14634 14635 14636 14637 14638 14642 14643 14644 14645 14646 14647 14649 14650 14654 14657 14658 14659 14660 14661 14666 14670 14671 14672 14675 14677 14682 14684 14685 14686 14687 14688 14691 14693 14696 14697 14700 14703 14710 14711 14713 14714 14721 14726 14730 14734 14738 3 45 65 72 110 112 119 121 134 138 145 186 210 223 241 258 264 269 276 291 307 309 321 332 333 339 349 369 377 383 401 407 433 441 464 497 550 567 570 593 629 630 653 657 713 720 732 736 749 750 758 763 767 768 773 786 807 825 833 870 871 901 906 917 932 962 981 1010 1044 1084 1093 1123 1134 1153 1183 1194 1217 1246 1266 1305 1324 1402 1436 1454 1465 1469 1485 1532 1572 1578 1611 1614 1615 1621 1636 1649 1660 1677 1693 1794 1799 1803 1819 1821 1869 1873 1892 1896 1903 1913 1949 1960 1974 2002 2006 2095 2099 2103 2124 2137 2169 2193 2212 2219 2288 2295 2315 2322 2333 2365 2374 2405 2421 2428 2502 2510 2568 2646 2653 2663 2709 2717 2739 2760 2772 2796 2812 2830 2850 2876 2883 2902 2983 2991 3143 3158 3178 3179 3199 3218 3255 3330 3485 3499 3520 3563 3591 3620 3649 3736 3781 3861 3951 3963 4040 4052 4054 4081 4199 4206 4240 4255 4277 4282 4494 4526 4595 4660 4691 4710 4782 4826 4834 4877 4911 5012 5056 5116 5120 5129 5169 5229 5317 5348 5553 5601 5621 5670 5674 5677 5751 5871 5908 5915 5933 6004 6006 6011 6021 6050 6052 6065 6069 6071 6076 6077 6081 6084 6086 6092 6115 6134 6141 6144 6147 6148 6149 6157 6166 6173 6174 6178 6186 6187 6195 6196 6197 6198 6199 6200 6205 6206 6208 6210 6220 6221 6224 6225 6226 6227 6228 6231 6232 6233 6236 6238 6241 6242 6247 6249 6254 6256 6258 6260 6261 6263 6264 6266 9502 9506 14496 14498 14499 14505 14514 14527 14528 14530 14544 14548 14563 14570 14577 14580 14583 14594 14597 14598 14599 14600 14604 14639 14641 14651 14652 14653 14655 14656 14664 14665 14667 14668 14669 14673 14674 14676 14679 14680 14681 14683 14689 14690 14694 14695 14698 14701 14704 14706 14708 14709 14715 14716 14722 14723 14724 14725 14727 14728 14729 14731 14732 14733 14736 14740 14742 14743 14748 
	}
	manpower=1
	state_category=town
	buildings_max_level_factor=1.000
	local_supplies=1.0 
}
